# Created by Octave 4.4.1, Fri Jan 18 11:02:45 2019 EST <deepak@Deepaks-MBP.fios-router.home>
# name: v
# type: matrix
# rows: 1
# columns: 9
 1600 2400 1416 3000 1985 1534 1427 1380 1494


